right_case:         0.14293235908091032
soft_error_case:    0.14901850369681768
hard_error_case:    0.20949411142252578